0000000000000000000000000000000000000000000000000000000000000000000000000000000
0000000000000000000000000000000000000000000000000000000000000000000000000000000
0000000000000000000000000000000000000000000000000000000000000000000000000000000
0000000000000000000000000000000000000000000000000000000000000000000000000000000
0000000000000000000000000000000000000000000000000000000000000000000000000000000
0000000000000000000000000000000000000000000000000000000000000000000000000000000
0000000000000000000000000000000000000000000000000000000000000000000000000000000
0000000000000000000000000000000000000000000000000000000000000000000000000000000
0000000000000000000000000000000000000000000000000000000000000000000000000000000
0000000000000000000000000000000011000000000000000000000000000000000000000000000
0000000000000000000000000000000011000000110000000100000000000000000000000000000
0000000000000000000000000000000000000000110000011000000000000000000000000000000
0000000000000000000000000000001111000000001100000110000000000000000000000000000
0000000000000000000000000011010010100000001100001000000000000000000000000000000
0000000000000000000000000011011000100000000000000000000000000000000000000000000
0000000000000000000000000000010100101100000000000000000000000000000000000000000
0000000000000000000000000000010000101100000000000000000000000000000000000000000
0000000000000000000000000000001111000000000000100000000000000000000000000000000
0000000000000000000000000000000000000000000010010000000000000000000000000000000
0000000000000000000000000000001100000000000010010000000000000000000000000000000
0000000000000000000000000000001100000000000001000000000000000000000000000000000
0000000000000000000000000000000000000000000000000000000000000000000000000000000
0000000000000000000000000000000000000000000000000000000000000000000000000000000
0000000000000000000000000000000000000000000000000000000000000000000000000000000
0000000000000000000000000000000000000000000000000000000000000000000000000000000
