0000000000000000000000000000000000000000000000000000000000000000000000000000000
0110110110110110110110110110110110110110110110110110110110110110110110110110110
0110110110110110110110110110110110110110110110110110110110110110110110110110110
0000000000000000000000000000000000000000000000000000000000000000000000000000000
0110110110110110110110110110110110110110110110110110110110110110110110110110110
0110110110110110110110110110110110110110110110110110110110110110110110110110110
0000000000000000000000000000000000000000000000000000000000000000000000000000000
0110110110110110110110110110110110110110110110110110110110110110110110110110110
0110110110110110110110110110110110110110110110110110110110110110110110110110110
0000000000000000000000000000000000000000000000000000000000000000000000000000000
0110110110110110110110110110110110110110110110110110110110110110110110110110110
0110110110110110110110110110110110110110110110110110110110110110110110110110110
0000000000000000000000000000000000000000100000000000000000000000000000000000000
0110110110110110110110110110110110110110110110110110110110110110110110110110110
0110110110110110110110110110110110110110110110110110110110110110110110110110110
0000000000000000000000000000000000000000000000000000000000000000000000000000000
0110110110110110110110110110110110110110110110110110110110110110110110110110110
0110110110110110110110110110110110110110110110110110110110110110110110110110110
0000000000000000000000000000000000000000000000000000000000000000000000000000000
0110110110110110110110110110110110110110110110110110110110110110110110110110110
0110110110110110110110110110110110110110110110110110110110110110110110110110110
0000000000000000000000000000000000000000000000000000000000000000000000000000000
0110110110110110110110110110110110110110110110110110110110110110110110110110110
0110110110110110110110110110110110110110110110110110110110110110110110110110110
0000000000000000000000000000000000000000000000000000000000000000000000000000000
